YAL003W,YBL005W,YBL027W,YBR083W,YDL060W,YDL229W,YDR261C,YEL009C,YEL011W,YEL040W,YER062C,YFL014W,YFR032C-A,YFR034C,YFR038W,YGR044C,YGR243W,YGR248W,YHR084W,YIL053W,YIL055C,YIL101C,YJL159W,YJL190C,YJR145C,YKL043W,YLR153C,YLR223C,YLR256W,YLR403W,YML007W,YML097C,YMR037C,YMR173W-A,YMR251W-A,YNL068C,YNL178W,YNL192W,YOL052C-A,YOL151W,YOR028C,YOR095C,YOR273C,YOR369C,YPL061W
1,0,1,1,0,0,0,1,0,1,1,1,1,0,0,1,0,1,1,1,1,1,1,1,1,0,0,0,1,1,1,0,1,1,1,0,1,1,1,1,0,0,1,1,1
1,0,1,0,0,1,0,1,1,0,1,1,1,1,0,0,1,1,1,1,1,0,1,1,1,1,1,1,1,1,0,1,1,1,1,0,1,1,1,1,0,0,1,1,1
1,1,1,0,0,1,0,1,1,0,1,1,1,1,0,0,1,1,1,1,1,0,0,1,1,1,1,1,1,0,1,0,1,1,1,0,1,1,1,1,1,0,1,1,1
1,1,0,0,0,0,0,1,1,1,1,1,1,1,0,0,1,1,0,1,1,0,1,1,0,1,1,0,1,1,1,0,0,1,1,0,1,0,1,1,1,1,1,1,1
1,1,1,0,1,1,0,1,0,0,1,1,1,1,0,0,1,1,1,1,1,0,1,1,1,0,1,1,1,0,1,1,1,1,1,1,1,0,1,1,0,0,0,1,1
1,0,1,1,0,1,0,1,0,0,1,1,1,1,1,0,1,1,0,1,1,1,1,1,1,0,1,0,0,1,1,0,0,1,1,0,0,1,1,1,1,0,1,1,1
1,1,1,0,0,0,0,1,1,1,1,1,1,0,0,1,1,1,1,1,0,0,1,1,1,0,1,0,1,1,1,0,0,1,1,0,1,1,1,1,0,0,1,1,1
1,1,1,1,0,1,1,1,0,1,1,1,1,0,0,0,1,1,0,1,0,0,1,1,1,1,1,0,1,1,1,1,1,1,1,0,1,1,1,1,1,0,1,1,1
1,1,1,0,0,0,0,1,1,0,1,1,1,0,0,0,1,1,0,1,0,1,1,1,1,0,1,0,1,0,1,0,1,1,1,1,0,0,1,1,1,0,1,1,1
1,1,1,0,0,1,0,1,1,0,1,1,1,1,1,1,1,1,1,1,1,1,1,1,1,1,1,1,1,1,1,0,0,1,1,0,1,1,1,1,1,0,1,1,1
1,0,0,0,0,0,0,0,1,1,1,1,1,0,0,0,0,1,0,1,0,1,0,1,0,0,0,0,1,0,0,0,0,1,1,0,1,1,1,1,0,0,0,1,1
1,1,1,0,0,1,0,0,1,1,1,1,1,0,0,0,1,1,0,1,0,0,0,1,1,0,1,0,1,0,1,0,1,1,1,0,1,0,1,1,1,0,1,1,1
1,1,1,1,0,0,1,1,0,0,1,1,0,0,0,1,0,1,0,1,0,1,0,0,0,0,0,1,1,1,1,0,0,1,1,0,0,0,1,1,1,0,1,0,1
1,0,1,1,1,1,0,1,0,1,1,1,1,1,0,0,1,1,1,1,1,1,0,1,1,1,1,1,1,1,1,1,1,1,1,1,1,1,1,1,1,0,1,1,1
1,0,1,0,0,1,0,1,1,1,1,1,1,0,0,0,1,1,0,1,0,0,1,1,1,0,0,0,0,0,0,0,1,1,1,0,1,1,1,1,0,0,1,1,1
1,1,1,0,1,1,1,1,1,1,1,1,1,0,1,1,1,1,1,1,1,1,0,1,1,0,1,0,1,0,1,0,1,0,1,0,1,1,1,1,0,1,1,1,1
1,1,1,1,0,1,0,1,1,0,1,1,1,1,0,1,1,1,1,1,1,0,1,1,1,0,1,0,1,1,1,0,1,0,1,0,1,1,1,1,1,0,1,1,1
1,1,1,0,0,0,0,1,1,0,1,1,1,0,1,0,1,1,0,1,1,1,1,0,1,0,1,0,1,0,1,1,0,1,1,1,1,1,1,1,1,0,1,1,1
1,1,1,1,1,0,0,1,1,0,1,1,1,0,0,0,1,1,0,1,1,1,1,1,1,0,0,0,0,1,0,0,1,1,1,0,1,1,1,1,1,0,1,1,1
1,0,1,1,0,1,0,1,0,1,1,1,1,0,1,0,1,1,1,1,0,0,0,1,1,0,1,0,1,0,0,0,1,1,1,0,1,1,1,1,1,0,1,1,1
1,0,1,0,0,1,0,1,0,0,1,1,1,1,1,1,1,1,0,1,1,1,1,1,1,0,1,1,1,0,1,0,0,1,1,0,1,1,1,1,0,0,1,1,1
1,0,1,0,1,1,0,1,1,0,1,1,1,0,1,1,1,1,0,1,0,1,1,1,1,0,1,0,1,0,0,0,0,1,1,1,1,1,1,1,1,0,1,1,1
1,1,1,0,0,1,0,1,1,0,1,1,1,0,0,1,0,1,0,1,0,1,0,1,1,0,1,0,1,0,1,0,1,1,1,0,1,1,1,1,0,0,0,1,1
1,1,1,1,1,1,1,1,1,1,1,1,1,1,1,1,1,1,1,1,1,1,1,1,1,1,1,1,1,1,1,1,1,1,1,1,1,1,1,1,1,1,1,1,1
1,1,1,0,0,1,0,1,1,1,1,1,1,0,1,1,1,1,0,1,1,1,1,1,1,0,1,1,1,1,1,0,1,1,1,0,1,1,1,1,1,0,1,1,1
1,0,1,1,0,1,1,1,0,1,1,1,1,0,0,1,1,0,0,1,1,1,1,1,1,1,1,0,1,0,1,0,1,1,1,0,1,1,1,1,0,1,1,1,1
1,1,1,0,0,1,1,1,1,0,1,1,1,0,0,0,1,1,0,1,1,0,1,1,1,0,1,1,1,1,0,0,1,0,1,0,1,1,1,1,1,0,1,1,1
1,0,1,1,0,1,0,1,0,0,1,1,1,0,0,0,1,1,0,1,1,1,0,1,1,1,0,1,1,1,1,0,1,1,1,0,1,1,1,1,1,0,1,1,1
1,0,1,0,0,1,0,1,1,0,1,1,1,0,1,0,1,0,0,1,1,0,0,0,1,0,0,0,1,0,1,0,0,0,1,0,1,1,1,1,0,0,1,1,1
1,1,1,1,0,1,0,1,1,0,1,1,1,1,0,1,1,1,0,1,0,1,1,1,1,0,1,1,1,1,0,0,1,1,1,0,1,1,1,1,0,0,1,1,1
1,1,1,0,1,1,1,1,0,0,1,1,1,1,0,1,1,1,0,1,1,1,1,1,1,1,1,1,1,1,1,1,1,1,1,0,1,1,1,1,1,0,1,1,1
1,1,1,0,0,0,1,1,1,1,1,1,1,0,1,0,1,1,0,1,0,0,1,0,1,1,0,1,1,0,1,0,1,1,1,1,1,1,1,1,1,0,1,1,1
1,1,1,0,0,0,1,1,1,0,1,1,1,0,0,0,1,1,0,1,0,1,1,1,1,0,1,0,1,1,1,0,0,1,1,0,1,1,1,1,1,0,1,1,1
1,1,1,0,0,1,1,1,0,1,1,1,1,0,0,0,1,1,0,1,1,1,1,1,1,0,1,0,1,1,1,0,1,1,1,0,1,1,1,1,0,0,1,1,1
1,0,1,0,0,1,0,1,1,0,1,1,1,0,1,1,1,1,0,1,0,1,1,1,1,0,1,0,1,1,1,0,0,1,1,0,1,1,1,1,1,0,1,1,1
1,1,1,0,0,1,0,1,0,0,1,1,1,1,1,1,1,1,0,1,0,1,1,1,1,0,1,1,1,0,1,0,0,1,1,1,1,1,1,1,1,0,0,1,1
1,1,1,0,0,1,0,1,1,1,1,1,1,1,1,0,1,1,0,1,1,1,1,1,1,1,1,0,1,1,1,1,0,1,1,0,1,1,1,1,0,0,1,1,1
1,1,1,0,0,1,0,1,1,0,1,1,1,0,1,1,1,1,0,1,1,1,1,1,1,0,1,0,1,1,1,1,1,1,1,0,1,1,1,1,1,0,1,1,1
1,1,1,0,0,0,1,1,1,0,1,1,1,0,1,1,1,1,0,1,1,1,1,1,1,0,1,1,1,1,1,0,1,1,1,0,1,1,1,1,1,0,1,1,1
1,0,1,0,1,0,1,1,1,0,1,1,1,1,0,0,1,1,0,1,1,1,1,1,1,1,1,0,1,1,1,0,1,1,1,0,1,0,1,1,1,0,1,1,1
0,0,1,0,0,0,0,1,1,0,1,1,0,0,0,1,1,1,0,1,0,1,1,0,1,0,0,0,0,0,0,0,0,1,1,0,0,1,1,1,0,0,1,1,1
1,0,1,0,0,1,1,1,1,0,1,1,1,1,1,0,1,1,0,1,0,0,1,1,1,1,1,0,1,1,0,0,1,1,1,0,1,1,1,1,1,0,0,1,1
1,1,1,0,0,1,0,1,0,1,1,1,1,1,0,0,1,1,1,1,0,1,1,1,1,0,1,0,1,0,1,0,1,1,1,0,1,0,1,1,0,0,1,1,1
1,1,1,0,0,1,1,1,1,0,1,1,1,1,1,1,1,1,1,1,1,0,1,1,1,0,1,1,1,1,1,1,1,1,1,0,1,1,1,1,0,0,1,1,1
1,1,1,0,0,1,1,1,1,1,1,1,1,0,0,1,1,1,0,1,0,0,1,1,1,0,1,1,1,1,1,0,1,1,1,0,1,1,1,1,1,0,1,1,1
1,1,1,1,0,1,0,1,1,1,1,1,1,1,1,0,1,1,0,1,1,0,0,1,1,1,0,1,1,1,1,0,1,1,1,1,1,1,1,1,1,0,1,1,1
1,1,1,0,0,1,0,1,0,0,1,1,1,0,1,0,1,0,0,1,1,0,1,1,1,0,1,0,1,0,1,0,1,0,1,0,1,1,0,1,1,0,1,1,1
1,1,1,0,1,1,1,1,1,0,1,1,1,1,1,1,1,0,0,1,0,1,1,1,1,0,1,1,0,1,1,0,0,1,1,0,1,1,1,1,0,0,0,1,1
1,0,1,1,0,1,0,1,0,1,1,1,1,0,1,0,1,1,1,1,1,0,0,1,1,0,0,0,1,1,1,0,1,1,1,0,1,1,1,1,1,0,1,1,1
1,0,1,0,0,1,0,1,0,0,1,1,1,0,1,1,1,1,0,1,1,0,1,1,1,0,1,1,1,1,0,0,1,0,1,0,1,0,1,1,1,0,1,1,1
0,1,1,0,0,0,1,1,1,0,1,1,1,0,0,1,1,1,1,1,1,1,0,1,1,0,0,1,1,1,1,1,1,1,1,0,0,0,1,1,0,0,1,1,1
1,1,1,0,0,1,1,1,1,0,1,1,1,1,1,0,1,1,1,1,1,1,0,1,1,1,1,1,1,0,1,0,1,1,1,1,1,1,1,1,1,0,1,1,1
1,0,1,0,0,1,0,0,1,0,1,1,1,0,1,1,1,1,1,1,1,1,1,0,1,0,1,0,1,0,1,0,1,1,1,1,1,1,1,1,0,0,1,1,1
1,0,1,0,0,1,0,1,0,0,1,1,1,0,0,0,1,1,1,1,1,0,1,1,1,0,1,0,1,0,1,0,1,1,1,0,1,0,1,1,1,0,1,1,1
1,1,1,0,0,1,0,1,0,0,1,1,1,0,0,1,1,1,0,1,1,1,1,1,1,1,0,0,1,1,0,0,1,1,1,1,1,1,1,1,0,0,1,1,1
1,1,1,0,0,1,1,1,1,0,1,1,1,0,1,1,1,1,1,1,1,0,1,1,1,0,1,1,1,1,1,0,1,1,1,0,1,1,1,1,1,0,1,1,1
1,0,1,1,0,1,1,1,0,0,0,0,1,1,1,1,0,0,0,1,0,0,1,1,1,0,1,1,1,0,1,1,0,1,1,1,1,1,0,0,0,1,0,1,1
1,0,1,0,1,1,0,1,1,1,1,0,1,0,0,0,0,0,0,1,0,0,1,1,1,0,1,0,0,0,1,1,0,1,1,0,1,0,0,0,0,0,0,1,1
1,1,1,0,1,1,1,1,1,1,1,0,1,0,0,0,0,0,0,1,0,1,0,1,1,1,1,1,1,1,1,0,1,0,1,1,1,0,0,0,0,1,1,1,1
1,1,1,0,1,1,0,1,0,1,0,0,1,0,0,1,0,0,0,1,1,0,1,1,1,0,1,1,1,0,1,1,1,1,1,1,1,1,0,1,0,1,1,1,1
1,0,1,1,0,1,0,1,0,1,1,1,1,0,0,1,1,0,0,1,0,0,1,1,1,0,1,0,0,0,1,0,1,0,1,0,1,0,0,0,0,1,1,1,1
1,1,1,1,1,1,0,1,0,1,1,0,1,0,0,0,0,0,0,1,0,0,1,1,1,1,1,1,1,0,1,0,0,0,1,1,1,1,0,1,1,1,0,1,1
1,1,1,1,0,1,0,1,0,1,1,0,1,0,1,0,0,0,0,1,0,0,0,1,1,1,1,1,0,0,0,0,0,0,1,0,1,0,0,0,0,1,1,1,1
1,1,1,0,0,1,0,1,1,1,1,0,1,0,1,0,0,0,0,1,0,0,0,1,1,1,1,1,1,0,1,1,0,0,1,0,1,0,0,0,0,0,0,1,1
1,0,1,1,0,1,0,1,0,1,1,0,1,0,1,0,0,0,0,1,0,0,1,1,1,0,1,0,1,0,0,0,0,0,1,0,1,1,0,0,0,0,0,1,1
1,1,1,1,0,1,0,0,1,0,1,0,1,0,0,0,0,1,0,1,0,1,1,1,1,0,1,0,0,0,0,0,0,1,1,0,1,0,1,0,0,0,0,1,1
1,1,1,0,1,1,1,1,0,1,1,0,1,0,0,0,0,0,0,1,0,0,0,1,1,0,1,1,1,0,0,0,0,0,1,0,1,0,0,0,0,0,0,1,1
1,0,1,1,1,1,0,1,1,1,1,0,1,1,1,0,0,0,1,1,1,0,1,1,1,0,1,1,1,1,1,1,0,1,1,1,1,1,0,0,1,1,0,1,1
1,1,1,0,1,1,1,1,0,1,1,0,1,1,0,0,0,0,1,1,0,0,0,1,1,0,1,1,1,1,1,0,0,0,0,1,1,0,0,0,0,1,0,1,1
1,1,1,1,1,1,0,1,0,1,1,0,1,0,1,1,0,0,1,1,0,0,1,1,1,0,1,1,1,1,1,1,1,1,1,1,1,1,0,1,0,1,0,1,1
1,1,1,0,1,1,1,1,0,1,1,0,1,0,1,0,0,0,1,1,0,0,0,1,1,1,1,1,1,0,0,1,1,1,1,0,1,0,0,1,1,1,1,1,1
1,1,1,0,1,1,1,1,0,1,0,0,1,1,0,1,0,0,0,1,0,0,1,1,1,1,1,1,1,1,1,1,0,0,1,0,1,1,0,0,0,1,0,1,1
1,1,1,0,0,1,1,1,1,0,1,0,1,0,0,0,1,0,0,1,0,0,0,1,1,1,1,0,1,0,0,1,0,0,0,1,1,0,0,1,1,1,1,1,1
1,1,1,1,1,1,0,1,0,0,0,0,1,0,0,1,0,0,1,1,0,0,0,1,1,1,1,1,1,0,0,0,0,0,1,1,1,0,0,1,1,1,0,1,1
1,0,1,0,1,1,0,1,0,1,0,0,1,0,0,0,0,0,1,1,0,0,1,1,1,0,1,0,1,0,0,1,1,0,1,0,1,0,0,0,0,1,0,1,1
1,1,1,0,1,1,0,1,0,1,0,0,1,0,1,0,0,0,1,1,1,0,1,1,1,0,1,1,1,1,1,1,0,0,0,0,1,0,0,1,0,0,1,1,1
1,0,1,0,0,1,1,1,0,1,1,0,1,1,0,0,0,0,1,1,0,0,1,1,1,1,1,1,1,1,0,0,0,1,1,1,1,0,0,1,0,1,0,1,1
1,0,1,1,1,1,0,1,0,0,1,0,1,1,1,0,0,0,0,1,0,0,0,1,1,1,1,0,1,1,0,0,0,0,1,1,1,0,1,0,0,1,0,1,1
1,1,1,1,0,1,1,1,0,0,1,1,1,0,0,1,0,0,1,1,0,0,1,1,1,0,1,0,1,1,0,1,1,1,1,1,1,1,0,1,1,0,0,1,1
1,1,1,1,1,1,0,1,0,1,0,0,1,1,1,0,0,0,0,1,0,0,1,1,1,0,1,1,1,0,1,0,0,0,1,1,1,1,0,0,0,1,1,1,1
1,0,1,0,1,1,1,1,0,1,1,0,1,0,0,0,0,0,0,1,0,0,0,1,1,1,1,0,1,0,0,0,0,1,1,0,1,0,0,1,0,1,1,1,1
1,1,1,1,1,1,0,1,0,1,1,0,1,1,0,1,0,0,1,1,0,0,1,1,1,0,1,1,1,1,1,0,0,0,1,0,1,1,0,1,0,1,0,1,1
1,1,1,1,0,1,1,1,0,1,0,0,1,1,1,0,0,0,0,1,0,0,0,1,1,0,1,1,1,0,1,0,0,0,1,1,1,0,0,1,0,1,1,1,1
1,0,1,0,1,1,1,1,1,1,1,0,1,1,1,0,0,0,0,1,1,0,0,1,1,0,1,0,1,1,1,0,0,1,1,1,1,0,0,1,0,1,0,1,1
1,0,1,1,0,1,0,1,0,1,0,0,1,1,1,0,0,0,1,1,0,0,1,1,1,1,1,1,1,0,0,1,1,0,1,1,1,1,0,0,0,0,0,1,1
1,0,1,1,0,1,1,1,0,1,1,0,1,0,0,1,0,0,1,1,0,0,1,1,1,0,1,0,1,0,1,1,0,0,1,1,1,1,0,0,0,0,0,1,1
1,1,1,0,1,1,1,1,0,1,0,0,1,1,1,1,0,0,1,1,0,0,1,1,1,0,1,1,1,1,1,0,0,0,1,1,1,1,0,0,0,1,1,1,1
1,0,1,1,0,1,1,1,0,0,1,0,1,0,0,0,0,0,1,1,0,0,1,1,1,0,1,0,1,0,0,0,0,0,1,1,1,1,0,1,0,1,0,1,1
1,1,1,1,0,1,0,1,0,1,1,0,1,0,0,1,0,0,0,1,0,0,1,1,1,0,1,0,1,0,0,0,0,1,1,0,1,1,0,0,0,0,0,1,1
1,1,1,1,1,1,0,1,0,1,0,0,1,0,0,1,0,0,0,1,0,0,1,1,1,1,1,1,1,0,1,1,0,0,1,1,1,1,0,0,0,1,0,1,1
1,0,1,0,1,1,1,1,0,1,1,0,1,0,1,1,1,0,1,1,1,0,1,1,1,0,1,0,1,1,1,0,0,0,1,0,1,1,0,0,0,0,0,1,1
1,0,1,1,1,1,0,1,0,1,0,1,1,1,0,1,0,1,0,1,1,0,1,1,1,1,1,0,1,0,1,0,0,0,1,0,1,0,0,0,0,0,1,1,1
1,1,1,0,0,1,0,1,0,0,0,0,1,0,0,1,0,0,0,1,0,0,1,1,1,0,1,0,0,0,0,0,1,1,1,1,1,0,0,1,1,1,0,1,1
1,0,1,1,1,1,0,1,1,1,1,0,1,0,0,1,0,0,1,1,0,0,1,1,1,1,1,0,0,0,1,0,0,0,1,1,1,1,0,0,0,1,1,1,1
1,1,1,1,1,1,1,1,0,1,1,0,1,0,1,0,0,0,0,1,0,0,1,1,1,0,1,0,1,0,0,1,0,1,1,0,1,1,1,1,0,1,1,1,1
1,1,1,0,1,1,1,1,0,1,1,0,1,0,0,1,0,0,0,1,0,0,1,1,1,0,1,0,1,0,1,0,0,0,1,0,1,1,0,0,0,1,0,1,1
1,1,1,1,1,1,1,1,0,1,1,0,1,0,1,0,0,0,0,1,0,0,0,1,1,0,1,1,1,1,0,1,0,0,0,0,1,0,0,0,0,1,1,1,1
1,1,1,0,1,1,0,1,0,1,1,0,1,0,0,0,0,0,1,1,0,0,1,1,1,1,1,1,1,1,1,0,0,1,1,0,1,0,0,0,0,1,0,1,1
1,0,1,1,0,1,0,0,0,1,1,0,1,0,1,0,0,0,1,1,0,0,0,1,1,0,1,0,1,1,0,0,0,0,1,1,1,0,0,0,0,0,0,1,1
1,0,1,0,0,1,0,1,0,0,1,0,1,0,0,0,0,0,0,1,0,0,1,1,1,0,0,0,0,1,1,1,0,1,1,0,1,1,0,0,0,0,0,1,1
